4 0.669891 0.411111 0.164450 0.148718
0 0.729746 0.227350 0.059250 0.087179
4 0.132406 0.391453 0.105200 0.102564
4 0.589480 0.085043 0.189843 0.168376
0 0.890568 0.840598 0.189843 0.197436
4 0.388755 0.105128 0.160822 0.208547
0 0.250907 0.392735 0.153567 0.120513
0 0.530834 0.791880 0.082225 0.086325
0 0.515719 0.419231 0.122128 0.156410
0 0.262394 0.055128 0.070133 0.108547
4 0.866989 0.404274 0.079807 0.136752
0 0.242443 0.794444 0.054414 0.089744
0 0.128174 0.073077 0.096735 0.127350
8 0.754534 0.101709 0.111245 0.131624
