0 0.196493 0.350000 0.344619 0.282906
4 0.836759 0.333761 0.171705 0.211111
0 0.463120 0.096581 0.162031 0.191453
4 0.560459 0.630769 0.126965 0.116239
0 0.851270 0.824786 0.133011 0.213675
4 0.346433 0.782051 0.112455 0.121368
0 0.079202 0.834615 0.155985 0.235043
0 0.853688 0.091880 0.123337 0.182051
4 0.433495 0.605983 0.119710 0.162393
4 0.862152 0.595726 0.108827 0.157265
4 0.519347 0.804701 0.131802 0.180342
0 0.127570 0.589744 0.100363 0.129915
0 0.649335 0.770940 0.116082 0.107692
4 0.345224 0.102137 0.112455 0.176923
