0 0.859734 0.555556 0.128174 0.135043
4 0.863966 0.555983 0.110036 0.139316
0 0.840387 0.153419 0.162031 0.190598
0 0.537485 0.202991 0.11971 0.111966
0 0.520556 0.589744 0.163241 0.117949
0 0.781741 0.544444 0.0689238 0.109402
0 0.853688 0.79188 0.133011 0.223077
0 0.258162 0.587179 0.158404 0.119658
0 0.144498 0.752137 0.107618 0.167521
0 0.555018 0.10641 0.147521 0.117094
0 0.700121 0.364103 0.181378 0.165812
0 0.237606 0.367949 0.192261 0.15812
0 0.556227 0.748718 0.10399 0.165812
0 0.464329 0.739316 0.0652963 0.126496
0 0.412334 0.127778 0.125756 0.164957
0 0.14873 0.110256 0.116082 0.104274
