0 0.813180 0.815812 0.061669 0.043590
4 0.839178 0.133333 0.169287 0.147009
4 0.541717 0.145726 0.191052 0.178632
4 0.350665 0.112393 0.108827 0.117094
4 0.165659 0.293590 0.159613 0.151282
0 0.773881 0.485470 0.278114 0.186325
4 0.705562 0.298291 0.117291 0.138462
0 0.269649 0.665385 0.130593 0.130769
0 0.301693 0.843590 0.201935 0.184615
0 0.612455 0.663248 0.139057 0.114530
0 0.731560 0.683761 0.082225 0.078632
0 0.160218 0.482051 0.122128 0.128205
0 0.821040 0.672222 0.065296 0.070940
0 0.148730 0.666239 0.096735 0.111966
