4 0.151149 0.276923 0.133011 0.152137
4 0.648126 0.283761 0.200726 0.136752
0 0.528416 0.457692 0.217654 0.158120
0 0.172310 0.468376 0.172914 0.165812
0 0.862757 0.449573 0.102781 0.141880
0 0.894800 0.097436 0.200726 0.191453
0 0.345828 0.667521 0.149940 0.119658
0 0.353083 0.306410 0.094317 0.096581
0 0.126360 0.120513 0.083434 0.128205
0 0.507255 0.673932 0.093108 0.086325
0 0.623942 0.687179 0.103990 0.157265
0 0.466747 0.128205 0.133011 0.160684
0 0.140266 0.684188 0.111245 0.159829
0 0.262394 0.117949 0.074970 0.123077
