4 0.516324 0.408120 0.244256 0.166667
4 0.409311 0.070513 0.160822 0.139316
4 0.854293 0.107265 0.139057 0.111966
5 0.634825 0.111966 0.094317 0.218803
0 0.316203 0.412821 0.139057 0.182906
0 0.842805 0.741880 0.147521 0.196581
0 0.229141 0.092735 0.177751 0.183761
0 0.781741 0.244872 0.059250 0.079487
0 0.077388 0.397009 0.142684 0.151282
0 0.666868 0.919231 0.071342 0.069231
0 0.151753 0.555128 0.073761 0.065812
0 0.847037 0.569658 0.153567 0.110256
0 0.100967 0.894444 0.071342 0.098291
0 0.867594 0.377350 0.119710 0.103419
0 0.080411 0.121368 0.134220 0.123077
0 0.508464 0.596581 0.064087 0.131624
