4 0.811971 0.824786 0.230955 0.210256
0 0.238815 0.212821 0.281741 0.305983
4 0.172914 0.609402 0.152358 0.145299
4 0.406288 0.829060 0.159613 0.206838
0 0.419589 0.127778 0.149940 0.117094
0 0.662031 0.136752 0.146312 0.164103
0 0.576179 0.451282 0.124547 0.117949
0 0.830109 0.612393 0.158404 0.137607
0 0.410520 0.573504 0.076179 0.066667
0 0.778114 0.110256 0.066505 0.095726
0 0.464933 0.441453 0.078597 0.093162
0 0.146312 0.779915 0.101572 0.118803
0 0.851270 0.442308 0.118501 0.094872
0 0.270254 0.779487 0.093108 0.119658
