0 0.808343 0.863248 0.209190 0.143590
0 0.134825 0.537607 0.122128 0.153846
0 0.488513 0.864530 0.149940 0.152991
0 0.737001 0.696581 0.076179 0.059829
0 0.641475 0.517949 0.078597 0.121368
0 0.409915 0.529487 0.091898 0.147863
0 0.567110 0.501282 0.060459 0.076068
0 0.322249 0.519231 0.078597 0.117094
8 0.224909 0.138462 0.135429 0.167521
0 0.316203 0.711111 0.117291 0.097436
0 0.357316 0.858120 0.114873 0.145299
0 0.408102 0.308547 0.117291 0.104274
0 0.855502 0.544872 0.117291 0.170085
0 0.649335 0.164530 0.517533 0.219658
